1 1
2 2
3 2
4 4
5 1
6 1
7 3
8 3
9 2
10 4
11 4
12 2
13 1
14 1
15 1
16 1
17 1
18 1
19 4
20 1
21 4
22 2
23 3
24 2
25 4
26 1
27 2
28 1
29 3
30 3
31 1
32 2
33 2
34 2
35 1
36 3
37 4
38 1
39 4
40 3
41 1
42 3
43 4
44 2
45 1
46 4
47 2
48 3
49 3
50 1
51 3
52 1
53 1
54 3
55 2
56 1
57 4
58 4
59 2
60 1
61 1
62 4
63 4
64 3
65 1
66 1
67 4
68 2
69 1
70 2
71 1
72 4
73 1
74 1
75 4
76 1
77 3
78 3
79 1
80 4
81 2
82 4
83 2
84 3
85 1
86 4
87 1
88 3
89 1
90 1
91 2
92 1
93 2
94 1
95 2
96 2
97 2
98 3
99 4
100 4
101 3
102 2
103 4
104 4
105 3
106 4
107 2
108 3
109 4
110 1
111 4
112 3
113 2
114 3
115 1
116 2
117 4
118 3
119 3
120 1
121 4
122 3
123 2
124 2
125 1
126 3
127 4
128 1
129 3
130 3
131 3
132 4
133 2
134 4
135 4
136 3
137 1
138 4
139 2
140 3
141 4
142 4
143 1
144 3
145 4
146 3
147 1
148 4
149 4
150 1
151 1
152 2
153 1
154 3
155 3
156 3
157 1
158 1
159 1
160 4
161 2
162 4
163 4
164 3
165 4
166 2
167 3
168 1
169 1
170 1
171 1
172 3
173 4
174 4
175 4
176 3
177 4
178 4
179 4
180 2
181 1
182 4
183 4
184 2
185 2
186 3
187 4
188 2
189 2
190 4
191 3
192 2
193 2
194 4
195 1
196 1
197 2
198 3
199 4
200 3
201 3
202 3
203 3
204 2
205 3
206 4
207 4
208 2
209 3
210 3
211 3
212 1
213 2
214 1
215 1
216 1
217 2
218 3
219 2
220 2
221 1
222 2
223 4
224 1
225 4
226 3
227 1
228 4
229 2
230 2
231 4
232 1
233 3
234 4
235 1
236 3
237 4
238 1
239 1
240 4
241 4
242 4
243 2
244 1
245 4
246 1
247 2
248 2
249 4
250 1
251 3
252 2
253 4
254 1
255 2
256 3
257 2
258 1
259 2
260 2
261 2
262 1
263 4
264 2
265 3
266 3
267 4
268 4
269 3
270 4
271 1
272 1
273 3
274 1
275 2
276 3
277 1
278 2
279 2
280 3
281 1
282 1
283 3
284 3
285 1
286 2
287 1
288 4
289 3
290 1
291 2
292 2
293 1
294 3
295 1
296 2
297 3
298 2
299 3
300 2
